100
2
6.029121 -56 -37
1
-73 80
1
62 60
1
-43 8
2
8.255633 -78 -53
0
45.304883 -40.332422
2
2.393802 -40 -22
1
-54 23
1
-70 -53
1
-40 -69
0
-48.106328 -45.828061
0
-34.418720 21.198273
2
3.634134 24 -93
1
-89 89
1
-66 6
0
-74.138818 -81.610506
1
-96 45
0
-78.417177 33.233487
1
-68 15
1
-8 -2
2
0.711968 94 -88
0
30.581256 37.646819
2
3.668633 91 38
0
-29.574418 -34.154856
1
-67 -99
0
56.584542 -8.862737
0
-90.416987 -58.928612
1
-17 -30
2
6.337378 -23 84
2
4.511880 -87 77
2
2.021890 -68 23
1
-60 70
0
-73.307837 -65.885221
1
-65 -18
0
-52.266121 28.894369
1
-75 67
0
92.317332 -18.706119
1
-90 4
0
22.727253 -9.999957
2
4.167220 -25 17
0
-96.735529 -86.534635
2
4.927999 -17 -71
0
-88.730659 -86.665358
1
12 70
2
5.623677 45 76
0
-55.975171 98.819970
0
30.649558 75.169421
2
5.355274 -3 24
1
-8 67
1
-21 59
0
-78.253411 13.452356
2
2.692650 -72 -3
1
-63 -8
2
9.275375 -74 8
0
93.947949 -63.636717
2
6.309637 58 27
0
-25.881670 -36.103799
1
89 -21
2
4.648620 49 58
1
77 -7
0
-74.239857 -24.557582
1
59 -73
0
9.251478 49.188972
0
1.589932 41.199109
0
37.953215 32.029216
0
4.966056 -1.971256
0
79.084386 61.924945
2
1.350087 10 -12
1
-54 -89
0
29.129940 59.434295
1
-93 -54
2
2.391893 -52 -27
2
7.387358 -32 42
1
-69 -63
1
-96 -62
1
2 44
0
79.639014 7.684661
0
79.049809 -72.341206
1
-52 93
0
-38.819529 57.760500
0
-3.942817 -49.492623
0
-5.384632 -92.110130
0
-57.637476 72.905007
2
6.565439 -78 58
2
1.693490 81 -88
0
71.754636 52.217664
2
3.971965 -71 7
1
36 -23
0
-40.232626 -55.893314
0
89.001584 40.163869
1
-5 -90
1
-89 46
1
96 -18
0
-17.451090 60.734819
2
8.681031 80 10
1
-66 73
0
-75.549961 -25.541379
2
5.493664 5 84
1
17 -49
1
53 -71
